time,x,y,z,phi,theta,psi,x_velocity,y_velocity,z_velocity,phi_velocity,theta_velocity,psi_velocity,rotor_speed1,rotor_speed2,rotor_speed3,rotor_speed4
0.06,-1.947221192539206e-06,-9.871231550259994e-08,10.007413747560399,6.282907236962883,0.0010527090497820524,0.0,-0.00014623249075290562,-1.7844736531372195e-05,0.24710350506598605,-0.016051004165172307,0.03958007434246011,0.0,479.3783498817785,482.3760039779071,482.3639078544059,481.15055351268177
0.12000000000000001,-4.3045696585693836e-05,-1.0492962423089305e-05,10.026304262605441,6.2824111775558595,0.003236996438547912,0.0,-0.001469138221175911,-0.0004032876571704605,0.3825435506798864,0.003961617112322604,0.0291491044281027,0.0,448.83792775830716,447.991297691779,446.94392272841753,448.5718395156548
0.18,-0.0001986065290042524,-4.84598190726184e-05,10.0503469239606,6.282404262322045,0.0055527418548910745,0.0,-0.003908654318064914,-0.0008501068678961868,0.4188648124409112,-0.009862069675868633,0.05281711422646444,0.0,414.1707452237372,416.2476268838535,418.1318375083564,416.9260118395274
0.23999999999999996,-0.0005501800130902346,-0.00011609573240828894,10.076644505665833,6.281348750102216,0.00978587734465819,0.0,-0.008166750118442576,-0.0014733215791665646,0.45770364146640313,-0.041270018087742395,0.09273232837832232,0.0,415.19380858301304,418.6842388054596,418.91099966941107,416.1712740522285
0.3,-0.0012926161785195736,-0.000257878246191295,10.10976027835975,6.27898791803468,0.015593289275743771,0.0,-0.017235740132027094,-0.003530597659645993,0.6460590271629589,-0.03575588976086632,0.10386707328155738,0.0,463.6625303445961,464.54386509374365,464.38642414984895,464.81797572981293
0.36000000000000004,-0.002655939352924819,-0.0005600086065179974,10.15050311335111,6.276722239373271,0.022097036199802744,0.0,-0.028826399436439085,-0.006753702431908787,0.7119841172402733,-0.04210727031638695,0.11618217882091893,0.0,425.6182752182652,426.6816234155709,426.9858397387107,426.4429703633921
0.4200000000000001,-0.004929512186122628,-0.0011263893366916906,10.198822763042807,6.273784758119483,0.02879582538687142,0.0,-0.04774351196808347,-0.01243166245726852,0.8985206883052554,-0.06842516145314832,0.10054736256227532,0.0,464.82917384020647,463.6128520401188,465.1394652215644,463.0725303833939
0.48000000000000015,-0.008505776891088565,-0.002114042546260182,10.25886047706512,6.269379395806872,0.03472658787720295,0.0,-0.07216275100662391,-0.02098465704278313,1.1025340123947143,-0.08597896359511172,0.09520867933254698,0.0,470.95532898029603,470.550065390566,469.33222334908334,467.9639634638459
0.5400000000000001,-0.013532923330994831,-0.0036605808773279226,10.326828256010756,6.2642414769050525,0.040555997712777625,0.0,-0.09596199522188345,-0.03106038315216237,1.1629694417141776,-0.08494735033372655,0.10079059656952519,0.0,425.7236355827999,426.2094344299913,425.1374930321816,425.21946383868624
0.6000000000000002,-0.020119637620022397,-0.00591911363978756,10.398817402972892,6.259427993132123,0.04612266548942756,0.0,-0.12417099364594407,-0.04470669877018375,1.2365551412123243,-0.07214969189897544,0.06757264362648563,0.0,431.5944421142591,428.7891031420275,429.37580905075254,430.45453509043085
0.6600000000000003,-0.028292866029477254,-0.00897864681361105,10.470750417543025,6.256093197264452,0.05050509979217921,0.0,-0.1485966028829244,-0.05756172577620174,1.1612679675100603,-0.03435522017143081,0.08219030579306555,0.0,378.57573091837753,379.98457470050005,377.1270836247421,380.7565291097537
0.7200000000000003,-0.03849645225489794,-0.013119739173318516,10.547777749105686,6.253906512510948,0.055228993640652035,0.0,-0.1921072156709567,-0.08072816085291504,1.4059983546525443,-0.04098957907363546,0.07072281319515993,0.0,482.5343320661546,481.6723535066663,482.9549018182034,482.45380462266485
0.7800000000000004,-0.051339199955797964,-0.018660153643323976,10.637931164311937,6.2520363669353785,0.05962430307321753,0.0,-0.23647193080705106,-0.10418888661160926,1.5988242673538025,-0.01652071162780125,0.07788921176894606,0.0,467.7950107301309,468.35652272632683,466.6719978174032,468.57747518693736
0.8400000000000004,-0.0665985563922934,-0.025465152560848178,10.733860970038757,6.2507690515527194,0.06452512125019094,0.0,-0.2725930636167007,-0.12274046834662707,1.5988020754479588,-0.032433286835599026,0.08834670554732227,0.0,406.92321110488786,407.86421813758363,407.43357036967285,406.0084275293592
0.9000000000000005,-0.08441668531010368,-0.03355919148600967,10.834389488247915,6.2491737806157985,0.07014473461110171,0.0,-0.32193344105805216,-0.14724472330627192,1.7518711472734976,-0.016907312955389827,0.10258973548047216,0.0,456.2573619396728,457.4000681634868,455.7133749469113,456.95245919023085
0.9600000000000005,-0.10536949692104693,-0.04317558487107142,10.944715838736075,6.248907293907788,0.0769678930429496,0.0,-0.3772152549472511,-0.173354632046827,1.925330103064351,0.013024789151913603,0.12979458044494482,0.0,461.77315408887165,463.9246249662876,462.70131354919846,465.05166494346304
1.0200000000000005,-0.12931366636784783,-0.0541460192071304,11.059229291603346,6.249570990282791,0.08459639999892143,0.0,-0.42156511458670554,-0.1922676718281256,1.8917828197600912,0.006813822436257796,0.12123104540876613,0.0,396.6738094667818,395.90353449749887,397.8645075719049,397.29537150563846
1.0800000000000005,-0.1563536354930593,-0.0663606148417299,11.175300678482888,6.250521229523528,0.09174800662911231,0.0,-0.4804781091719189,-0.21480711773529448,1.9770441356513444,0.029568831724177874,0.11477509031969947,0.0,437.94983275350876,437.42556647225655,434.9119372653036,436.81349266909746
1.1400000000000006,-0.18698840300716632,-0.0798745466309248,11.295575096044006,6.252387332053843,0.09844595909479459,0.0,-0.5413239977081069,-0.23547947259582805,2.0319350774021636,0.03400305752226324,0.10446841804792362,0.0,428.2486174220293,427.3826113682936,426.85194105185855,427.230539341844
1.2000000000000006,-0.22141891287866222,-0.09459699661222065,11.419298550749666,6.254233165192314,0.10464329413707052,0.0,-0.6069526607944452,-0.25507716387655066,2.091998264671911,0.023339176191514335,0.10082107707948171,0.0,429.0524917174272,428.7524332097382,430.528077359313,429.6252536976529
1.2600000000000007,-0.2599992800122734,-0.11048559619749443,11.547469856108766,6.256080067420223,0.1103323411442636,0.0,-0.679640224975464,-0.27437147407640666,2.1801324921361367,0.042579586360301826,0.07876844712205083,0.0,440.2714685221581,438.4507389643889,437.73436080895516,439.33281435705493
1.3200000000000007,-0.3029796174272531,-0.12747261540630278,11.680259411571695,6.25900104049855,0.1149812149514764,0.0,-0.7534855130556098,-0.29159159157606596,2.2459908594183116,0.058715992961943436,0.07477553145257215,0.0,432.65170744987756,432.32035590838615,431.44418326915263,432.8058778335418
1.3800000000000008,-0.3507315984032875,-0.1454828013110548,11.819124138684229,6.262360540935303,0.11960851440137166,0.0,-0.8387132237472313,-0.3083713657183732,2.382478601414694,0.04989733311770623,0.08144103534814304,0.0,454.41256791537216,454.95111067658956,455.7751972849635,455.0718980202036
1.4400000000000008,-0.4038494726901166,-0.1644536181491354,11.967386075563809,6.264994759581089,0.12443962724951874,0.0,-0.9323960653935955,-0.3236579728992097,2.559106663933524,0.027881156741743733,0.07860785567292737,0.0,467.86694114563664,467.6511812215301,469.1287300564495,467.4170788339452
1.5000000000000009,-0.46239583975126775,-0.18424222706917007,12.123807541623652,6.26753551938539,0.12910231873345612,0.0,-1.019608082011309,-0.3357354460352804,2.654629858937034,0.06172489614477523,0.07585689910326703,0.0,444.49573163398003,444.2750363713409,442.33053723510193,445.1097371786168
1.560000000000001,-0.5261550844649915,-0.20468355867469334,12.285044282582245,6.271189594793457,0.13358929552689514,0.0,-1.1061306025978692,-0.34528465070999237,2.719683958597062,0.059201682870924,0.0725449009097677,0.0,435.02562807835756,434.7527247048117,435.18521210538444,434.97668609233085
1.620000000000001,-0.5950030698858703,-0.22561009611044353,12.44874081881633,6.275319813250494,0.13758268918744498,0.0,-1.1891904799586912,-0.3519184432401839,2.7367418009809232,0.08327142845791118,0.05055889672090802,0.0,420.31175207337475,418.4054176405888,419.0522922203002,421.1431256857965
1.680000000000001,-0.6697218759686211,-0.2468956202016065,12.619312154141648,6.28090530463572,0.14042294831927116,0.0,-1.301729020581652,-0.35696466351152195,2.9483422526143204,0.10773343475145752,0.039961570728762115,0.0,481.1717446294002,480.36996967658416,479.90591090290263,481.7654442578782
1.740000000000001,-0.7500720279767166,-0.2683355023478634,12.79416760391739,0.004140976760898418,0.1425778265067974,0.0,-1.3768352938239765,-0.35720402801277706,2.880295905905343,0.10554339548808232,0.026257965600516887,0.0,392.2459037515646,390.97191352160144,392.29429002952264,392.10259457258377
1.8000000000000012,-0.835596186758413,-0.28966717901005984,12.969317804008123,0.010431155134460468,0.14382595903449857,0.0,-1.474109482317459,-0.3532330012093368,2.95777602955996,0.10338450003085227,0.006706189210348184,0.0,440.53174825885895,438.9120457167116,442.09555365994754,441.9272933282106
1.8600000000000012,-0.9268214379907772,-0.31064873720153524,13.147989306009706,0.016689733607438306,0.14414959714269582,0.0,-1.5667818401876041,-0.3455756847236538,2.997784220189721,0.10609708783977423,0.00263101831413547,0.0,429.4071115014711,429.06117367531846,429.24686226184787,429.4869019846954
1.9200000000000013,-1.024202787254216,-0.3309806009763525,13.333072990062716,0.022544805841185678,0.14407459773199438,0.0,-1.6792329534839718,-0.3314619458243361,3.1711299242076567,0.06928458572785608,-0.010435422831551923,0.0,472.1066094847158,471.0973672678658,472.5747598660288,469.73562247478435
1.9800000000000013,-1.129072872960477,-0.3502230882451645,13.533642189093573,0.026464594002126418,0.1429110298427787,0.0,-1.8162197247216438,-0.3094208754317767,3.5134274788888513,0.05594060041159182,-0.05105246518475774,0.0,522.2150825244833,519.374027271826,520.6512095246283,519.7192025270028
2.0400000000000014,-1.2412215607212844,-0.36820769607259346,13.748443254493916,0.030265201313447676,0.1399905344963308,0.0,-1.9217356875998,-0.2896916228122691,3.6461742054287494,0.07508808005592225,-0.044301194631835766,0.0,461.75659936269915,462.287536820072,462.07825119479907,463.5879668583422
2.1000000000000014,-1.3588963011304604,-0.3850888472867607,13.965849112839527,0.034615398551680165,0.13731860177568045,0.0,-2.000613080550179,-0.27265139197763877,3.600830322383344,0.06675863114712402,-0.04499815089947313,0.0,405.7435552329237,405.6796340648249,405.6174764260121,404.8732908486166
2.1600000000000015,-1.481754070303442,-0.4007538782844618,14.18404267375292,0.03823832084382328,0.13457678398661166,0.0,-2.0944005503206924,-0.24914612949536905,3.6720426620860946,0.0428868731812252,-0.047132088231656814,0.0,444.4760447796883,444.2998916383814,444.36012153568583,442.40123382192667
2.2200000000000015,-1.6101562330974826,-0.41495321668568724,14.406214061316701,0.04052223471556893,0.13219928624582877,0.0,-2.18545134214184,-0.22393506283335482,3.733453061030077,0.026067089505076562,-0.02774602503678673,0.0,440.45290295403976,442.05249158284704,442.0120129501598,440.6242795372363
2.2800000000000016,-1.7448043331049639,-0.4273481328990795,14.63820074238427,0.041782882626203666,0.13053223816029824,0.0,-2.3025383284093746,-0.18908328016793235,3.9984752977092355,0.008255302148493371,-0.027860452521472012,0.0,502.4152748761161,502.40687940937494,503.4518018460402,502.1612759371319
2.3400000000000016,-1.885285959977802,-0.43799504861805244,14.877233607387515,0.04213984380158209,0.12850952928742831,0.0,-2.3801055935029676,-0.16577123918371742,3.969375896068086,0.0008845358181764108,-0.049209581610366294,0.0,415.5307874219645,413.6541520700891,413.88563449110694,413.236248000892
2.4000000000000017,-2.030813316117021,-0.4471017284016537,15.117749548637176,0.042187230571208545,0.12631301882948698,0.0,-2.47058635941048,-0.13778889013880774,4.047530807460808,0.0005995735636186254,-0.019011073188123565,0.0,447.28704093912626,449.7390618413506,449.3514836697342,449.3283627150869
2.4600000000000017,-2.1815943887176097,-0.4545774142615341,15.361772213705633,0.0426546318071086,0.12470247061829998,0.0,-2.5553730242747696,-0.11137896057065978,4.086385439004775,0.019267280495174448,-0.05106222011143077,0.0,438.96617589763207,436.29772393868046,435.7254032354601,437.28332300283296
2.520000000000002,-2.3379731251055587,-0.4602724731382604,15.612400304631507,0.04353760682274466,0.12171627223738035,0.0,-2.6568924778118967,-0.07836479487540914,4.267197448908228,0.0035579307747708377,-0.047304042526636565,0.0,480.97728854977885,481.2605049911836,481.4975242206123,480.30738699084895
2.580000000000002,-2.500086310580992,-0.4640782140602273,15.871388871257677,0.04372432268420123,0.11840050583283013,0.0,-2.7466041892547306,-0.04848691591086049,4.365373783615651,0.0022046078183478143,-0.08017525921734345,0.0,459.27724081793343,456.6600637030395,457.2344777641651,457.1265755109057
2.640000000000002,-2.6674804162555596,-0.4661021237348857,16.13591940070024,0.0433320080161268,0.11325837642690217,0.0,-2.8327515079411008,-0.01898790506428001,4.452012476069615,-0.036524329028535925,-0.10003307850451111,0.0,455.6681608794083,454.07166495260344,456.1898454148389,453.0864479473104
2.700000000000002,-2.8398513920533404,-0.4664108156057589,16.404758728971782,0.04116438183859117,0.1073186841021645,0.0,-2.912446299937918,0.008485659359683177,4.509147154947335,-0.03534443138405885,-0.0969968769672861,0.0,446.03082187824015,446.2703581257188,446.0297202777373,446.12550264683614
2.760000000000002,-3.017155376907631,-0.46501773186873385,16.67934628198216,0.03906485073278265,0.10189414879226888,0.0,-2.9971237426337445,0.037707050015198015,4.643293172315871,-0.03429698488879669,-0.07972673695261497,0.0,468.46904849076867,469.803631948362,471.03943623948066,471.11999270613404
2.820000000000002,-3.1993188459145494,-0.46196365357729074,16.96075350810685,0.03725966504547351,0.09699448632397356,0.0,-3.0745569284250016,0.06389017288007473,4.736615222779386,-0.022773290147153524,-0.08583833491273543,0.0,458.9796016819833,458.4890464078129,458.26508806461186,459.18000832765364
2.880000000000002,-3.3861218045938704,-0.4573425419744321,17.24855721183214,0.03653431019149256,0.09212301249570132,0.0,-3.151730858602549,0.09002744216960838,4.8563899304253795,0.0035180645712355567,-0.07322757964527911,0.0,467.5696906711765,468.54621324404883,465.79885421846944,467.85072395437095
2.940000000000002,-3.577345054264696,-0.4512137601442198,17.542157533212624,0.036957109283478395,0.08755444019568337,0.0,-3.2220043943545917,0.11428795834748347,4.930017606699383,0.013305736860041698,-0.08272075236389269,0.0,453.67332161320184,452.90584094083835,454.9099502169796,455.693029973802
3.000000000000002,-3.772567453181777,-0.4436799584399358,17.83852997629697,0.037729761715469934,0.0825558206970527,0.0,-3.285053754879039,0.13690946767174064,4.949048692037933,0.012007112658795022,-0.0845155366748438,0.0,437.2701479920643,437.1147975041727,438.1203108982528,438.01219157620267
3.0600000000000023,-3.9716399612261863,-0.43471044146711585,18.13774203601988,0.03863565776258682,0.07785621807239451,0.0,-3.350290759879476,0.16214518525418728,5.024416203466473,0.020656878225793138,-0.06817955837442688,0.0,455.21823158174567,456.5189185874726,454.5898124992598,455.2823964380181
3.1200000000000023,-4.174499624866126,-0.4242344874490893,18.44075749560415,0.04022461986286974,0.07333177698536986,0.0,-3.411374575914063,0.18718267205190608,5.075920507861757,0.03613620887637991,-0.0965670444145095,0.0,449.18818748323287,446.8750074559931,448.4612644466092,449.7171651209373
3.1800000000000024,-4.38093326879186,-0.41223244703039547,18.746623084195804,0.04246466668168125,0.06733471005049019,0.0,-3.4692906668738086,0.21308786236395344,5.119491417098399,0.03962777802639107,-0.10775669623634207,0.0,446.85613398888336,445.93424775245,446.27245774761366,446.558055688014
3.2400000000000024,-4.590841242119903,-0.39857198326080767,19.05652267759009,0.04465802174558586,0.060394007168821595,0.0,-3.527063034123632,0.24247877790060884,5.210184354418724,0.029570868746654478,-0.14035781274743808,0.0,462.54458755568743,459.9573901894566,461.55530027592323,460.76133603738333
3.3000000000000025,-4.804067431083704,-0.38312199679359193,19.371497985795227,0.04613217282697679,0.051798555307164484,0.0,-3.57974327805365,0.2726745481252878,5.288781833334846,0.01199202559803513,-0.14979108163168867,0.0,458.08908370536693,457.31964162291496,459.1808156081817,457.78400945787996
3.3600000000000025,-5.020330592285027,-0.3658106611792738,19.691706462049027,0.04650595731901763,0.04272393232273686,0.0,-3.6282215452330213,0.30441602989542244,5.384556931183468,-0.008950414658312266,-0.15431582111192896,0.0,464.64567219551526,464.27027452655153,463.84321196597045,462.195302835961
3.4200000000000026,-5.239239351583655,-0.3467056246375044,20.015216275933547,0.04574882398700808,0.03352881492723103,0.0,-3.6680390913863627,0.3323664874053571,5.399224158996309,-0.021207659249233034,-0.15120738539689393,0.0,439.0553213569744,439.2907169832219,439.47673860511105,438.4595205234804
3.4800000000000026,-5.460496637498841,-0.32579621921481966,20.342761028688802,0.04442045756729218,0.02467888998327794,0.0,-3.7063704244961526,0.3644583243392037,5.518549079045708,-0.024071144459059345,-0.14096416824497868,0.0,469.72725445870896,470.5018886524116,472.2079414041486,471.98697368924036
3.5400000000000027,-5.683912491473182,-0.30295135702247183,20.678349924019596,0.042546222219048246,0.016806752847785766,0.0,-3.7400352762346962,0.3968364921522186,5.6671926562040476,-0.05212364363832087,-0.11663051147580267,0.0,478.9243183915071,480.7570249845484,482.28466270394483,480.16045581748216
3.6000000000000028,-5.909120603716289,-0.2784281210856369,21.017728462158747,0.039517935472945354,0.009719723712373174,0.0,-3.7664122759002483,0.42035418142950876,5.645695069267648,-0.0473574883828994,-0.12126657265670865,0.0,429.89049359451235,429.48432245940074,428.5111419872267,428.9144727809174
3.660000000000003,-6.135810778755594,-0.25254023120454644,21.35594299285849,0.03625851846537831,0.0021241046396038854,0.0,-3.789399537965378,0.44232856513631985,5.628378637091967,-0.07429579366550697,-0.14023199110394166,0.0,430.9380042102196,429.31605357810787,430.96470097807673,428.6789293407424
3.720000000000003,-6.363766944663053,-0.2253999548897101,21.693000387006162,0.03177320053358823,6.277313289882041,0.0,-3.8085515334220754,0.4619766576521389,5.607164359128978,-0.0756899737127329,-0.12209631978054374,0.0,427.2136582224835,428.7401743551673,428.31696303358734,428.1937451410096
3.780000000000003,-6.5927331151006365,-0.19704954396948018,22.03228843917654,0.02761692155100448,6.269689422981632,0.0,-3.82299145235065,0.4825846986116339,5.702145782342205,-0.058813414502441944,-0.13951784008909587,0.0,464.88280245673235,463.5012486729005,463.254965061748,464.57679798491193
3.840000000000003,-6.822482560641574,-0.1676502439963992,22.373370121358814,0.024736906965562078,6.261354591854868,0.0,-3.834724514195803,0.4971386072535554,5.66760301020291,-0.032257121720407386,-0.13773376465550827,0.0,422.97550584576595,423.1101826792432,423.2672956644109,425.5453202931917
3.900000000000003,-7.0527854818001305,-0.13738977756235699,22.713690125339117,0.02324305236775981,6.253110044269878,0.0,-3.841391151056066,0.5113941605133432,5.676530114840478,-0.013205064200200255,-0.13676834512703867,0.0,437.11690830438823,437.1795424490783,436.314204398906,437.90204535213627
3.960000000000003,-7.283261834088131,-0.10622810132848404,23.057578182644416,0.022266875930705865,6.2448372091150635,0.0,-3.8403937727959083,0.5272264096695536,5.786035086914866,-0.023237037164660416,-0.14020065134165816,0.0,468.39257580655766,468.108960032965,468.21973711768226,467.4385826593302
4.020000000000002,-7.5136422351420755,-0.07420725491868452,23.404976180893676,0.020572785756169942,6.236160294203264,0.0,-3.838270368062767,0.5400003410617757,5.794034943663167,-0.04079856103135854,-0.1553430971070055,0.0,438.13272126404,436.85156974127625,437.90537023826454,436.44152252179697
4.080000000000001,-7.743417024665616,-0.04131574819672296,23.759738078642112,0.01831244097448792,6.227009253067386,0.0,-3.8198880258423573,0.5560719834556079,6.030360559840359,-0.03205810759277204,-0.14739849721853035,0.0,505.33222409255256,505.885778475483,504.2377476831298,504.86835873062483
4.14,-7.972056756772769,-0.007569878951203555,24.125608194746363,0.01627903160551636,6.217740053932115,0.0,-3.8005726913190196,0.5685654836589092,6.164795219382664,-0.037831213814427146,-0.1749774490167902,0.0,478.39788186016756,476.2714748433171,478.6765366347627,478.23655084857455
4.199999999999998,-8.199587864912118,0.026822014343064863,24.495934662409244,0.014011989668287761,6.206867710463918,0.0,-3.7829149298389018,0.5776258372572098,6.17955511407866,-0.037689858448954276,-0.19809035812744696,0.0,443.14972579595144,441.2127660248386,442.5073419114128,442.5182936459566
4.259999999999997,-8.42594644261031,0.061704559244409464,24.866231662229893,0.01281024294362254,6.1954216725275035,0.0,-3.7614357823093507,0.5849903737516045,6.163977325187827,0.002097286947175755,-0.17913563007637553,0.0,432.49406291088326,434.05108991528226,429.6131937767248,432.9740546085562
4.319999999999996,-8.65084541663451,0.09701318220634698,25.235501982876798,0.013256618118585806,6.185170448631169,0.0,-3.734341480154433,0.5919917397712618,6.1453042303869285,0.01641595839672988,-0.15802429948878968,0.0,429.7990079008023,431.55546176069953,430.07054504511234,431.28178153742925
4.379999999999995,-8.873377984942655,0.13282985275655584,25.60943287514534,0.014548770514462461,6.176074564846555,0.0,-3.6824720846106525,0.6020170105696455,6.318291610218442,0.030193158867204608,-0.14113642075604618,0.0,488.44808361325687,489.6865390290311,488.27276389726154,489.29963356072665
4.439999999999993,-9.092950371130414,0.16923273328057506,25.990519402480277,0.016242605366276308,6.167429077743282,0.0,-3.6358193443145725,0.6115796508968816,6.384355110132802,0.02398486739868669,-0.15076672914956832,0.0,458.0739045407964,457.2884766591667,459.83135178054124,459.33937290663243
4.499999999999992,-9.309627185243219,0.20623165499756985,26.374952556946653,0.018061960766762475,6.158071480946555,0.0,-3.5859062888519815,0.621871090722272,6.429952305028075,0.040674878082182335,-0.16914513403603196,0.0,453.0092017617874,451.5057641241855,452.6304186060909,453.9721370068842
4.559999999999991,-9.522816366392384,0.24393154635917416,26.764574182749094,0.02069201679789945,6.1476741174668135,0.0,-3.5193959283959,0.6350518024639159,6.5568594217079035,0.04950202576384764,-0.183213671344068,0.0,479.4223720190392,478.3253328301833,476.32634814922176,477.0019691161228
4.6199999999999894,-9.73244219823101,0.2823809774128151,27.15709817929673,0.023760720263386048,6.136843839278628,0.0,-3.467197512170098,0.6468536604580851,6.527540593905477,0.05424269498895567,-0.17557991186409647,0.0,430.69215703579,431.3048085900945,429.23136532352225,429.6353476789424
4.679999999999988,-9.939214789102033,0.3215165684956166,27.544791298930146,0.02737638440486645,6.126377729760154,0.0,-3.4243832514932824,0.6579215896119267,6.3963481198169765,0.07017720915209208,-0.17224177767047713,0.0,395.59035732080184,395.8643169857158,392.71166636933987,394.1903160806593
4.739999999999987,-10.142883053502773,0.3614370473526526,27.927051176633945,0.03115602182652566,6.1169254128151245,0.0,-3.3636950571579955,0.6730956615627007,6.345950196957335,0.04203692979952739,-0.13795787484490363,0.0,418.6961164597674,421.64268591501656,423.0294770737297,420.6017643216194
4.799999999999986,-10.342365847708518,0.4023970272241718,28.308575741010433,0.03417114397880994,6.108583731370921,0.0,-3.2849362126069224,0.6924881603183283,6.371403472506684,0.06301139661850311,-0.14125647792654983,0.0,446.2030017636539,445.9157098012635,443.68623040190016,445.4067517599213
4.859999999999984,-10.5368562734476,0.444599562005938,28.692184776767224,0.03809990976996591,6.100097826603198,0.0,-3.1972557241351733,0.7146169578423868,6.415312180720557,0.07000557365309108,-0.14178419327761319,0.0,451.5305789283579,451.4697212919122,451.1631649721217,451.73070208064627
4.919999999999983,-10.726889389058687,0.48800222035670593,29.07318391335971,0.042511321332917795,6.091663712473245,0.0,-3.1364088995028174,0.7324579941876301,6.2852966598288305,0.07976244820869462,-0.1382444845115461,0.0,393.3606135850547,393.66716833739247,392.56840453318483,393.4778640014497
4.979999999999982,-10.911915639881174,0.5328091887676646,29.45263816454214,0.04726706871698649,6.083394918383689,0.0,-3.030307499223916,0.7615592453747635,6.362703287156804,0.07824387242752823,-0.1369653361676618,0.0,460.74907024871646,460.8333508313876,461.91017846792244,461.7951576765488
5.0399999999999805,-11.09028156628931,0.5794827973863506,29.837266376454345,0.051863468217916875,6.075573880913666,0.0,-2.9144210670604114,0.7946707137698906,6.457641155515409,0.07311501862629154,-0.11963610280854621,0.0,467.8646614514461,469.19732976170786,467.127089418795,466.7312243868611
